Hit_Win matrix:
[[1 1 1 1 1 1 1 1 1 1 1 1 1 1 1 1 1 1]
 [1 1 1 1 1 1 1 1 1 1 1 1 1 1 1 1 1 1]
 [1 1 1 1 1 1 1 1 1 1 1 1 1 1 1 1 1 1]
 [1 1 1 1 1 1 1 1 1 1 1 1 1 1 1 1 1 1]
 [1 1 1 1 1 1 1 1 1 1 1 1 1 1 1 1 1 1]
 [1 1 1 1 1 1 1 1 1 1 1 1 1 1 1 1 1 1]
 [1 1 1 1 1 1 1 1 1 1 1 1 1 1 1 1 1 1]
 [1 1 1 1 1 1 1 1 1 1 1 1 1 1 1 1 1 1]
 [1 1 1 1 1 1 1 1 1 1 1 1 1 1 1 1 1 1]
 [1 1 1 1 1 1 1 1 1 1 1 1 1 1 1 1 1 1]]


Hit_Play matrix:
[[   1    1    1    1    1    1    1    1  273  369  470  513  614  740  744    1    1    1]
 [   1    1    1    1    1    1    1    1  264  300  432  542  604  440   10    1    1    1]
 [   1    1    1    1    1    1    1    1  251  368  406  527  588  519   17  835    1    1]
 [   1    1    1    1    1    1    1    1  287  286  420  438  583  628    1    2    1    1]
 [   1    1    1    1    1    1    1    1  270  234  391  472  529  653    7    1    1    1]
 [   1    1    1    1    1    1    1    1  276  356  447  528  544  677    1    1    1    1]
 [   1    1    1    1    1    1    1    1  283  388  452  509  587  719   86    3    1    1]
 [   1    1    1    1    1    1    1    1  315  385  423  497  599  671  662    1    1    1]
 [   1    1    1    1    1    1    1    1 1151 1433 1871 2212 2507 3011 3285 3868    6    1]
 [   1    1    1    1    1    1    1    1  282  409  424  591  660  765  845  944 1448    1]]


Check_Win matrix:
[[   4    1    5    1    2    1    2    3    1    5   16    2    1    1    1  755 1128 1001]
 [   1    1    5    1    1    1    2    8    1    1    3    1    1  198  611  684 1085  897]
 [   1   15    1    4    1    1    1    1   26    4    5    1   38  144  596    6 1166  909]
 [   2    1   19    5    1   11   20    1    4   85    2   50   15    1  558  739 1094  947]
 [  18    8    1    2    6   49    1    2    5  134    1   37    3   12  633  728 1110  885]
 [   2    2    1   13    1    1    1    1    6    1    1    1    7    1  701  835 1213  927]
 [   2    1    3    1    2    1    2    1    1    2    2    1    1    1  344  820 1215  983]
 [   1    2    1    1    2    5    2    1    2    4   12    2    6    1   61  459 1228 1086]
 [   1    1    7    1    2    3    2    1    3    1    2    2    2    2    1    8 3548 4552]
 [   1    1    1    1    1    1    1    1    1    2    1    1    1    1    1   13    1  761]]


Check_Play matrix:
[[  10    3   14    3    6    3    6    9    3   14   44    6    3    3    3  998 1329 1001]
 [   3    3   13    3    3    4    6   21    3    3    9    3    3  434  971  930 1254  897]
 [   3   32    3   10    3    3    3    3   68    9   15    3   93  310  998    8 1336  909]
 [   5    3   38   13    3   28   50    3   12  190    6  123   39    3  872  928 1228  947]
 [  35   19    3    6   15   94    3    6   14  289    3   91    9   34  962  934 1255  885]
 [   6    6    3   32    3    3    3    3   17    3    3    3   21    3  963 1014 1310  927]
 [   5    3    8    3    6    3    7    3    4    6    6    3    4    3  605  986 1323  983]
 [   3    6    3    3    6   14    6    3    6   12   32    6   17    4  148  651 1331 1086]
 [   3    3   20    4    7   10    6    4   10    4    6    8    7    6    3   25 4313 4552]
 [   3    3    3    3    3    3    3    3    4    6    3    3    3    3    3   37    3  761]]


[[ 0.6   0.67  0.64  0.67  0.67  0.67  0.67  0.67 -0.33 -0.35 -0.36 -0.33 -0.33 -0.33 -0.33  0.24  0.15  0.  ]
 [ 0.67  0.67  0.62  0.67  0.67  0.75  0.67  0.62 -0.33 -0.33 -0.33 -0.33 -0.33 -0.45 -0.53  0.26  0.13  0.  ]
 [ 0.67  0.53  0.67  0.6   0.67  0.67  0.67  0.67 -0.38 -0.44 -0.33 -0.33 -0.41 -0.46 -0.54 -0.75  0.13  0.  ]
 [ 0.6   0.67  0.5   0.62  0.67  0.61  0.6   0.67 -0.33 -0.44 -0.33 -0.4  -0.38 -0.33  0.36 -0.3   0.11  0.  ]
 [ 0.49  0.58  0.67  0.67  0.6   0.48  0.67  0.67 -0.35 -0.46 -0.33 -0.4  -0.33 -0.35 -0.52  0.22  0.12  0.  ]
 [ 0.67  0.67  0.67  0.59  0.67  0.67  0.67  0.67 -0.35 -0.33 -0.33 -0.33 -0.33 -0.33  0.27  0.18  0.07  0.  ]
 [ 0.6   0.67  0.62  0.67  0.67  0.67  0.71  0.67 -0.25 -0.33 -0.33 -0.33 -0.25 -0.33 -0.56 -0.5   0.08  0.  ]
 [ 0.67  0.67  0.67  0.67  0.67  0.64  0.67  0.67 -0.33 -0.33 -0.37 -0.33 -0.35 -0.25 -0.41  0.29  0.08  0.  ]
 [ 0.67  0.67  0.65  0.75  0.71  0.7   0.67  0.75 -0.3  -0.25 -0.33 -0.25 -0.29 -0.33 -0.33 -0.32 -0.66  0.  ]
 [ 0.67  0.67  0.67  0.67  0.67  0.67  0.67  0.67 -0.25 -0.33 -0.33 -0.33 -0.33 -0.33 -0.33 -0.35 -0.33  0.  ]]


Win percentage when checking: 
[[0.4  0.33 0.36 0.33 0.33 0.33 0.33 0.33 0.33 0.36 0.36 0.33 0.33 0.33 0.33 0.76 0.85 1.  ]
 [0.33 0.33 0.38 0.33 0.33 0.25 0.33 0.38 0.33 0.33 0.33 0.33 0.33 0.46 0.63 0.74 0.87 1.  ]
 [0.33 0.47 0.33 0.4  0.33 0.33 0.33 0.33 0.38 0.44 0.33 0.33 0.41 0.46 0.6  0.75 0.87 1.  ]
 [0.4  0.33 0.5  0.38 0.33 0.39 0.4  0.33 0.33 0.45 0.33 0.41 0.38 0.33 0.64 0.8  0.89 1.  ]
 [0.51 0.42 0.33 0.33 0.4  0.52 0.33 0.33 0.36 0.46 0.33 0.41 0.33 0.35 0.66 0.78 0.88 1.  ]
 [0.33 0.33 0.33 0.41 0.33 0.33 0.33 0.33 0.35 0.33 0.33 0.33 0.33 0.33 0.73 0.82 0.93 1.  ]
 [0.4  0.33 0.38 0.33 0.33 0.33 0.29 0.33 0.25 0.33 0.33 0.33 0.25 0.33 0.57 0.83 0.92 1.  ]
 [0.33 0.33 0.33 0.33 0.33 0.36 0.33 0.33 0.33 0.33 0.38 0.33 0.35 0.25 0.41 0.71 0.92 1.  ]
 [0.33 0.33 0.35 0.25 0.29 0.3  0.33 0.25 0.3  0.25 0.33 0.25 0.29 0.33 0.33 0.32 0.82 1.  ]
 [0.33 0.33 0.33 0.33 0.33 0.33 0.33 0.33 0.25 0.33 0.33 0.33 0.33 0.33 0.33 0.35 0.33 1.  ]]