Hit_Win matrix:
[[1 1 1 1 1 1 1 1 1 1 1 1 1 1 1 1 1 1]
 [1 1 1 1 1 1 1 1 1 1 1 1 1 1 1 1 1 1]
 [1 1 1 1 1 1 1 1 1 1 1 1 1 1 1 1 1 1]
 [1 1 1 1 1 1 1 1 1 1 1 1 1 1 1 1 1 1]
 [1 1 1 1 1 1 1 1 1 1 1 1 1 1 1 1 1 1]
 [1 1 1 1 1 1 1 1 1 1 1 1 1 1 1 1 1 1]
 [1 1 1 1 1 1 1 1 1 1 1 1 1 1 1 1 1 1]
 [1 1 1 1 1 1 1 1 1 1 1 1 1 1 1 1 1 1]
 [1 1 1 1 1 1 1 1 1 1 1 1 1 1 1 1 1 1]
 [1 1 1 1 1 1 1 1 1 1 1 1 1 1 1 1 1 1]]


Hit_Play matrix:
[[  1   1   1   1   1   1   1   1  23  39  46  34  50  56  30   2   1   1]
 [  1   1   1   1   1   1   1   1   8  27  26  29  44  46  61   1   1   1]
 [  1   1   1   1   1   1   1   1  24  22  24  49  60  64   1   1   1   1]
 [  1   1   1   1   1   1   1   1  25  31  39  58  50  54   1   1   1   1]
 [  1   1   1   1   1   1   1   1  28  33  30  25  49  62   3   1   1   1]
 [  1   1   1   1   1   1   1   1  27  26  45  49  65  51   1   1   1   1]
 [  1   1   1   1   1   1   1   1  21  28  32  58  34  57   4   1   1   1]
 [  1   1   1   1   1   1   1   1  19  29  37  42  53  58  78   1   1   1]
 [  1   1   1   1   1   1   1   1 106 144 132 214 268 290 294 362   1   1]
 [  1   1   1   1   1   1   1   1  25  43  52  59  61  75  64  84   3   1]]


Check_Win matrix:
[[  2   1   1   4   2   3   1   1   3   2   1  14   1   1  20  78 113 100]
 [  5   1   2   2   2   1   1   1  31   3   1   4  12  10   4  80 110  89]
 [  1   7   3   3   6   2   1  24  13  29   1   1   3   1  45  68  93  82]
 [  3   6   1   6   7  12   2   9   2   6   1   1   1   4  56  71 105  78]
 [  1   1   9   4   1   1   3   1   1   1   9  29   1   2  65  70  95  87]
 [  2   4   5   2   3   1   1   1   1   1   1   1   1   2  62  82 130  93]
 [  1   1   5   2   1   1   2   1   1   3   4   1  10   3  40  70 117 114]
 [  1   2   7   1   1   1   2   1   1   1   1   6   4   1   1  46 122  93]
 [  1   3   1   1   1   1   1   1   8   1   6   1   1   5  21  11 325 421]
 [  1   1   1   1   1   1   2   1   1   1   1   1   1   1   5   3  84  72]]


Check_Play matrix:
[[  3   3   3  10   5   8   3   3   8   6   3  33   3   3  44 111 130 100]
 [  6   3   5   5   5   3   3   3  62   8   3  10  24  25  11 115 126  89]
 [  2  10   7   8  13   5   3  43  32  64   3   3   8   3  74  84 106  82]
 [  5  10   3  14  17  23   5  21   6  16   3   3   4  11  85  84 123  78]
 [  2   3  14   9   3   3   8   3   3   3  24  56   3   5  98  92 102  87]
 [  4   9  11   5   8   3   3   3   3   3   3   3   3   5  89 100 142  93]
 [  3   3  12   6   3   3   5   3   3   9  10   3  25   8  60  80 131 114]
 [  3   5  12   3   3   3   5   3   3   3   3  15  11   3   3  66 130  93]
 [  3   8   3   3   3   3   3   3  22   3  17   4   3  15  53  29 405 421]
 [  2   3   3   3   3   3   5   3   3   3   3   3   3   3  11   8 141  72]]


[[ 0.33  0.67  0.67  0.6   0.6   0.62  0.67  0.67 -0.33 -0.31 -0.31 -0.39 -0.31 -0.32 -0.42 -0.2   0.13  0.  ]
 [ 0.17  0.67  0.6   0.6   0.6   0.67  0.67  0.67 -0.38 -0.34 -0.29 -0.37 -0.48 -0.38 -0.35  0.3   0.13  0.  ]
 [ 0.5   0.3   0.57  0.62  0.54  0.6   0.67  0.44 -0.36 -0.41 -0.29 -0.31 -0.36 -0.32  0.39  0.19  0.12  0.  ]
 [ 0.4   0.4   0.67  0.57  0.59  0.48  0.6   0.57 -0.29 -0.34 -0.31 -0.32 -0.23 -0.35  0.34  0.15  0.15  0.  ]
 [ 0.5   0.67  0.36  0.56  0.67  0.67  0.62  0.67 -0.3  -0.3  -0.34 -0.48 -0.31 -0.38 -0.33  0.24  0.07  0.  ]
 [ 0.5   0.56  0.55  0.6   0.62  0.67  0.67  0.67 -0.3  -0.29 -0.31 -0.31 -0.32 -0.38  0.3   0.18  0.08  0.  ]
 [ 0.67  0.67  0.58  0.67  0.67  0.67  0.6   0.67 -0.29 -0.3  -0.37 -0.32 -0.37 -0.36 -0.42  0.12  0.11  0.  ]
 [ 0.67  0.6   0.42  0.67  0.67  0.67  0.6   0.67 -0.28 -0.3  -0.31 -0.38 -0.34 -0.32 -0.32  0.3   0.06  0.  ]
 [ 0.67  0.62  0.67  0.67  0.67  0.67  0.67  0.67 -0.35 -0.33 -0.35 -0.25 -0.33 -0.33 -0.39 -0.38  0.2   0.  ]
 [ 0.5   0.67  0.67  0.67  0.67  0.67  0.6   0.67 -0.29 -0.31 -0.31 -0.32 -0.32 -0.32 -0.44 -0.36 -0.26  0.  ]]


Win percentage when checking: 
[[0.67 0.33 0.33 0.4  0.4  0.38 0.33 0.33 0.38 0.33 0.33 0.42 0.33 0.33 0.45 0.7  0.87 1.  ]
 [0.83 0.33 0.4  0.4  0.4  0.33 0.33 0.33 0.5  0.38 0.33 0.4  0.5  0.4  0.36 0.7  0.87 1.  ]
 [0.5  0.7  0.43 0.38 0.46 0.4  0.33 0.56 0.41 0.45 0.33 0.33 0.38 0.33 0.61 0.81 0.88 1.  ]
 [0.6  0.6  0.33 0.43 0.41 0.52 0.4  0.43 0.33 0.38 0.33 0.33 0.25 0.36 0.66 0.85 0.85 1.  ]
 [0.5  0.33 0.64 0.44 0.33 0.33 0.38 0.33 0.33 0.33 0.38 0.52 0.33 0.4  0.66 0.76 0.93 1.  ]
 [0.5  0.44 0.45 0.4  0.38 0.33 0.33 0.33 0.33 0.33 0.33 0.33 0.33 0.4  0.7  0.82 0.92 1.  ]
 [0.33 0.33 0.42 0.33 0.33 0.33 0.4  0.33 0.33 0.33 0.4  0.33 0.4  0.38 0.67 0.88 0.89 1.  ]
 [0.33 0.4  0.58 0.33 0.33 0.33 0.4  0.33 0.33 0.33 0.33 0.4  0.36 0.33 0.33 0.7  0.94 1.  ]
 [0.33 0.38 0.33 0.33 0.33 0.33 0.33 0.33 0.36 0.33 0.35 0.25 0.33 0.33 0.4  0.38 0.8  1.  ]
 [0.5  0.33 0.33 0.33 0.33 0.33 0.4  0.33 0.33 0.33 0.33 0.33 0.33 0.33 0.45 0.38 0.6  1.  ]]