Hit_Win matrix:
[[1 1 1 1 1 1 1 1 1 1 1 1 1 1 1 1 1 1]
 [1 1 1 1 1 1 1 1 1 1 1 1 1 1 1 1 1 1]
 [1 1 1 1 1 1 1 1 1 1 1 1 1 1 1 1 1 1]
 [1 1 1 1 1 1 1 1 1 1 1 1 1 1 1 1 1 1]
 [1 1 1 1 1 1 1 1 1 1 1 1 1 1 1 1 1 1]
 [1 1 1 1 1 1 1 1 1 1 1 1 1 1 1 1 1 1]
 [1 1 1 1 1 1 1 1 1 1 1 1 1 1 1 1 1 1]
 [1 1 1 1 1 1 1 1 1 1 1 1 1 1 1 1 1 1]
 [1 1 1 1 1 1 1 1 1 1 1 1 1 1 1 1 1 1]
 [1 1 1 1 1 1 1 1 1 1 1 1 1 1 1 1 1 1]]


Hit_Play matrix:
[[     1      1      1      1      1      1      1      1  25543  36571  44018  53563  61383  72297   8005      3      1      1]
 [     1      1      1      1      1      1      1      1  27468  33718  44402  53231  61827  72449   2863      2      1      1]
 [     1      1      1      1      1      1      1      1  27875  36628  40149  54117  61707  63427  79118      1      1      1]
 [     1      1      1      1      1      1      1      1  25619  35398  43276  46659  59175  68753    245      2      1      1]
 [     1      1      1      1      1      1      1      1  27388  34340  43372  51518  54240  69633     85      1      1      1]
 [     1      1      1      1      1      1      1      1  27909  36851  44775  53047  60151  62964      1      1      1      1]
 [     1      1      1      1      1      1      1      1  28180  37233  43080  52808  60864  71977   5621      4      1      1]
 [     1      1      1      1      1      1      1      1  28928  36088  43699  53927  61362  73487  82451     17      1      1]
 [     1      1      1      1      1      1      1      1 109393 145390 177013 218641 250262 296231 331871 213246      1      1]
 [     1      1      1      1      1      1      1      1  28822  37626  45594  56194  64201  75596  84852  97268  16499      1]]


Check_Win matrix:
[[     1      1     11      1     38      1      1      3      1     16      1    251      1      7  50506  69943 111630  91159]
 [     1    134      1      4     67    129      8      2     17     48     31    498      1      1  56655  72307 110081  92721]
 [     4     17    130    255      1    524    133    750      3     26    542    717    599   5838      1  77330 117881  96499]
 [     1    494    432    589    642      1    299    800   2922    597      1   1917   1152      3  62947  75426 114168  89885]
 [   124    443    585   1449      1     94   1312    827    696   1815      3   1734      1      1  66585  76566 114396  90083]
 [     1      2      1     10      4      1      7      1      1     29      3      7     14   1170  72623  87332 123177  95591]
 [     2      2      2      2      1      1      1      1      1      1     35      1      2      1  36689  83384 127483  97249]
 [     5      4      7      1      4      6      7      4      4      1      1      2      3      1     57  53476 127756 108636]
 [     1      1      5      1      1      8      2      1      1      1      7      2      1      5      4  96580 351216 428786]
 [     2      1      1      1      1      1      1      1      1      2      1      1      1      1      1      3  71788  72240]]


Check_Play matrix:
[[     4      4     26      4    108      4      4     10      4     52      4    693      4     25  89071  96805 129835  91159]
 [     4    337      4     13    190    352     26      7     57    148     95   1317      4      4  95805  99070 126350  92721]
 [    13     48    322    624      4   1290    350   1854     12     75   1412   1817   1528  12861      4 104706 136116  96499]
 [     3   1151    999   1337   1500      4    697   1895   6960   1385      4   4545   2863     11  98283  98087 128612  89885]
 [   298   1048   1338   3280      4    218   3080   1993   1706   4379     11   4145      4      4 101682  99020 129084  90083]
 [     4      7      4     30     13      4     21      4      4     93     11     25     48   2876  98825 104802 133698  95591]
 [     7      7      7      7      4      4      4      4      4      4    108      4      8      4  64049  99170 138538  97249]
 [    16     13     23      4     14     20     24     15     14      4      4      7     11      4    164  74739 137046 108636]
 [     5      4     18      4      4     29      7      4      4      4     24      8      4     18     15 196479 426604 428786]
 [     6      4      4      4      4      4      4      4      4      8      4      4      4      4      4     11 126226  72240]]


[[ 0.75  0.75  0.58  0.75  0.65  0.75  0.75  0.7  -0.25 -0.31 -0.25 -0.36 -0.25 -0.28 -0.57 -0.39  0.14  0.  ]
 [ 0.75  0.6   0.75  0.69  0.65  0.63  0.69  0.71 -0.3  -0.32 -0.33 -0.38 -0.25 -0.25 -0.59 -0.23  0.13  0.  ]
 [ 0.69  0.65  0.6   0.59  0.75  0.59  0.62  0.6  -0.25 -0.35 -0.38 -0.39 -0.39 -0.45 -0.25  0.26  0.13  0.  ]
 [ 0.67  0.57  0.57  0.56  0.57  0.75  0.57  0.58 -0.42 -0.43 -0.25 -0.42 -0.4  -0.27 -0.64 -0.27  0.11  0.  ]
 [ 0.58  0.58  0.56  0.56  0.75  0.57  0.57  0.59 -0.41 -0.41 -0.27 -0.42 -0.25 -0.25 -0.64  0.23  0.11  0.  ]
 [ 0.75  0.71  0.75  0.67  0.69  0.75  0.67  0.75 -0.25 -0.31 -0.27 -0.28 -0.29 -0.41  0.27  0.17  0.08  0.  ]
 [ 0.71  0.71  0.71  0.71  0.75  0.75  0.75  0.75 -0.25 -0.25 -0.32 -0.25 -0.25 -0.25 -0.57 -0.59  0.08  0.  ]
 [ 0.69  0.69  0.7   0.75  0.71  0.7   0.71  0.73 -0.29 -0.25 -0.25 -0.29 -0.27 -0.25 -0.35 -0.66  0.07  0.  ]
 [ 0.8   0.75  0.72  0.75  0.75  0.72  0.71  0.75 -0.25 -0.25 -0.29 -0.25 -0.25 -0.28 -0.27 -0.49  0.18  0.  ]
 [ 0.67  0.75  0.75  0.75  0.75  0.75  0.75  0.75 -0.25 -0.25 -0.25 -0.25 -0.25 -0.25 -0.25 -0.27 -0.57  0.  ]]


Win percentage when checking: 
[[0.25 0.25 0.42 0.25 0.35 0.25 0.25 0.3  0.25 0.31 0.25 0.36 0.25 0.28 0.57 0.72 0.86 1.  ]
 [0.25 0.4  0.25 0.31 0.35 0.37 0.31 0.29 0.3  0.32 0.33 0.38 0.25 0.25 0.59 0.73 0.87 1.  ]
 [0.31 0.35 0.4  0.41 0.25 0.41 0.38 0.4  0.25 0.35 0.38 0.39 0.39 0.45 0.25 0.74 0.87 1.  ]
 [0.33 0.43 0.43 0.44 0.43 0.25 0.43 0.42 0.42 0.43 0.25 0.42 0.4  0.27 0.64 0.77 0.89 1.  ]
 [0.42 0.42 0.44 0.44 0.25 0.43 0.43 0.41 0.41 0.41 0.27 0.42 0.25 0.25 0.65 0.77 0.89 1.  ]
 [0.25 0.29 0.25 0.33 0.31 0.25 0.33 0.25 0.25 0.31 0.27 0.28 0.29 0.41 0.73 0.83 0.92 1.  ]
 [0.29 0.29 0.29 0.29 0.25 0.25 0.25 0.25 0.25 0.25 0.32 0.25 0.25 0.25 0.57 0.84 0.92 1.  ]
 [0.31 0.31 0.3  0.25 0.29 0.3  0.29 0.27 0.29 0.25 0.25 0.29 0.27 0.25 0.35 0.72 0.93 1.  ]
 [0.2  0.25 0.28 0.25 0.25 0.28 0.29 0.25 0.25 0.25 0.29 0.25 0.25 0.28 0.27 0.49 0.82 1.  ]
 [0.33 0.25 0.25 0.25 0.25 0.25 0.25 0.25 0.25 0.25 0.25 0.25 0.25 0.25 0.25 0.27 0.57 1.  ]]