Win percentage when checking: 
[[0.33 0.29 0.38 0.37 0.31 0.33 0.39 0.31 0.29 0.34 0.25 0.25 0.29 0.4  0.57 0.72 0.86 1.  ]
 [0.41 0.31 0.32 0.25 0.34 0.33 0.35 0.25 0.37 0.29 0.25 0.29 0.35 0.42 0.59 0.73 0.87 1.  ]
 [0.38 0.36 0.25 0.35 0.25 0.4  0.41 0.25 0.25 0.25 0.25 0.4  0.39 0.44 0.61 0.74 0.87 1.  ]
 [0.38 0.41 0.32 0.43 0.37 0.39 0.42 0.42 0.41 0.25 0.42 0.25 0.42 0.48 0.64 0.77 0.89 1.  ]
 [0.4  0.44 0.42 0.44 0.44 0.42 0.25 0.3  0.42 0.43 0.41 0.41 0.25 0.5  0.65 0.78 0.89 1.  ]
 [0.25 0.3  0.25 0.31 0.25 0.25 0.25 0.31 0.25 0.25 0.25 0.27 0.25 0.39 0.74 0.83 0.92 1.  ]
 [0.31 0.31 0.29 0.29 0.25 0.33 0.25 0.25 0.25 0.27 0.28 0.27 0.28 0.25 0.57 0.84 0.92 1.  ]
 [0.25 0.25 0.25 0.25 0.3  0.25 0.25 0.29 0.29 0.25 0.31 0.25 0.25 0.25 0.39 0.71 0.93 1.  ]
 [0.25 0.25 0.25 0.25 0.25 0.27 0.25 0.25 0.25 0.25 0.25 0.25 0.25 0.28 0.31 0.49 0.82 1.  ]
 [0.25 0.25 0.25 0.25 0.25 0.25 0.29 0.25 0.25 0.25 0.25 0.25 0.25 0.25 0.27 0.25 0.57 1.  ]]