Hit_Win matrix:
[[1 1 1 1 1 1 1 1 1 1 1 1 1 1 1 1 1 1]
 [1 1 1 1 1 1 1 1 1 1 1 1 1 1 1 1 1 1]
 [1 1 1 1 1 1 1 1 1 1 1 1 1 1 1 1 1 1]
 [1 1 1 1 1 1 1 1 1 1 1 1 1 1 1 1 1 1]
 [1 1 1 1 1 1 1 1 1 1 1 1 1 1 1 1 1 1]
 [1 1 1 1 1 1 1 1 1 1 1 1 1 1 1 1 1 1]
 [1 1 1 1 1 1 1 1 1 1 1 1 1 1 1 1 1 1]
 [1 1 1 1 1 1 1 1 1 1 1 1 1 1 1 1 1 1]
 [1 1 1 1 1 1 1 1 1 1 1 1 1 1 1 1 1 1]
 [1 1 1 1 1 1 1 1 1 1 1 1 1 1 1 1 1 1]]


Hit_Play matrix:
[[    1     1     1     1     1     1     1     1  2627  3661  4279  5356  6136  7261  8179     2     1     1]
 [    1     1     1     1     1     1     1     1  2664  3356  4377  5334  6215  6902  2779     1     1     1]
 [    1     1     1     1     1     1     1     1  2696  3618  4017  5404  6029  4896   340     1     2     1]
 [    1     1     1     1     1     1     1     1  2849  3655  3633  4817  5375  4968    30     1     1     1]
 [    1     1     1     1     1     1     1     1  2445  3054  4194  4982  4939  3803    54     1   657     1]
 [    1     1     1     1     1     1     1     1  2731  3767  4432  5253  6055  5689     1     1     1     1]
 [    1     1     1     1     1     1     1     1  2825  3705  4399  5317  6071  7082  1104     1     1     1]
 [    1     1     1     1     1     1     1     1  2847  3558  4415  5397  6182  7384  7891     8     1     1]
 [    1     1     1     1     1     1     1     1 11025 14505 17734 21628 25047 29741 33316 21961     1     1]
 [    1     1     1     1     1     1     1     1  2958  3827  4568  5630  6519  7657  8589  9697 10527     1]]


Check_Win matrix:
[[    3     1     1     1    14    17     5     8     3     1    26    70    39    18     2  7611 11446 10019]
 [    1    12   100    68     6     1     1     2     4     1     1    10     1   210  3903  7361 11200  9600]
 [    1     4     1     4     1    16     1     1     3     3     1    16    38  1484  5903  7051 10985  8848]
 [    1    58     4    55     1    73    20     2     4     9   722    31   550  1302  6168  7168 10956  8769]
 [   79     2     6     1    44    26   262   130   414   508     6   186   288  1944  6209  7194 10271  8594]
 [    6     1     2     6     2     1     2    17     1     2     3     1     2   381  7215  8687 12156  9717]
 [    1     1     1     4     2     3     1     6     1     2     3     6     1    15  3336  8348 12867  9887]
 [    1     1     5     2     1     4     1     1     1     3     1     6     1     2   104  5417 12777 10946]
 [    2     1     1     5     3     6    21     1     2     1     1     3     1     1     1  9051 35138 42978]
 [    1     1     1     1     2     1     1     1     1     1     1     1     1     1     2    26  2122  7665]]


Check_Play matrix:
[[    9     3     3     3    38    47    16    24    10     4    76   187   103    51     7 10491 13344 10019]
 [    3    33   237   168    18     3     4     7    13     4     3    32     4   486  6489 10058 12877  9600]
 [    4    12     3    12     3    44     4     3    10    10     4    47   104  3160  9582  9555 12672  8848]
 [    3   131    12   142     4   178    57     7    12    27  1614    89  1283  2713  9559  9361 12330  8769]
 [  173     6    18     3   110    60   606   320   960  1151    19   443   664  3899  9462  9292 11560  8594]
 [   17     3     7    18     7     4     6    49     4     6    10     4     7   900  9824 10369 13188  9717]
 [    3     3     4    13     6     9     3    18     4     7    10    19     4    42  5995  9939 13951  9887]
 [    3     3    15     6     4    12     4     4     4    10     4    20     4     7   269  7585 13711 10946]
 [    6     4     4    16    11    17    65     4     7     4     4    10     4     5     4 18603 42729 42978]
 [    3     3     4     3     7     4     3     4     4     4     4     4     4     4     7    74  3973  7665]]


[[ 0.67  0.67  0.67  0.67  0.63  0.64  0.69  0.67 -0.3  -0.25 -0.34 -0.37 -0.38 -0.35 -0.29 -0.23  0.14  0.  ]
 [ 0.67  0.64  0.58  0.6   0.67  0.67  0.75  0.71 -0.31 -0.25 -0.33 -0.31 -0.25 -0.43 -0.6   0.27  0.13  0.  ]
 [ 0.75  0.67  0.67  0.67  0.67  0.64  0.75  0.67 -0.3  -0.3  -0.25 -0.34 -0.37 -0.47 -0.61  0.26 -0.37  0.  ]
 [ 0.67  0.56  0.67  0.61  0.75  0.59  0.65  0.71 -0.33 -0.33 -0.45 -0.35 -0.43 -0.48 -0.61  0.23  0.11  0.  ]
 [ 0.54  0.67  0.67  0.67  0.6   0.57  0.57  0.59 -0.43 -0.44 -0.32 -0.42 -0.43 -0.5  -0.64  0.23 -0.89  0.  ]
 [ 0.65  0.67  0.71  0.67  0.71  0.75  0.67  0.65 -0.25 -0.33 -0.3  -0.25 -0.29 -0.42  0.27  0.16  0.08  0.  ]
 [ 0.67  0.67  0.75  0.69  0.67  0.67  0.67  0.67 -0.25 -0.29 -0.3  -0.32 -0.25 -0.36 -0.56  0.16  0.08  0.  ]
 [ 0.67  0.67  0.67  0.67  0.75  0.67  0.75  0.75 -0.25 -0.3  -0.25 -0.3  -0.25 -0.29 -0.39 -0.59  0.07  0.  ]
 [ 0.67  0.75  0.75  0.69  0.73  0.65  0.68  0.75 -0.29 -0.25 -0.25 -0.3  -0.25 -0.2  -0.25 -0.49  0.18  0.  ]
 [ 0.67  0.67  0.75  0.67  0.71  0.75  0.67  0.75 -0.25 -0.25 -0.25 -0.25 -0.25 -0.25 -0.29 -0.35 -0.53  0.  ]]


Win percentage when checking: 
[[0.33 0.33 0.33 0.33 0.37 0.36 0.31 0.33 0.3  0.25 0.34 0.37 0.38 0.35 0.29 0.73 0.86 1.  ]
 [0.33 0.36 0.42 0.4  0.33 0.33 0.25 0.29 0.31 0.25 0.33 0.31 0.25 0.43 0.6  0.73 0.87 1.  ]
 [0.25 0.33 0.33 0.33 0.33 0.36 0.25 0.33 0.3  0.3  0.25 0.34 0.37 0.47 0.62 0.74 0.87 1.  ]
 [0.33 0.44 0.33 0.39 0.25 0.41 0.35 0.29 0.33 0.33 0.45 0.35 0.43 0.48 0.65 0.77 0.89 1.  ]
 [0.46 0.33 0.33 0.33 0.4  0.43 0.43 0.41 0.43 0.44 0.32 0.42 0.43 0.5  0.66 0.77 0.89 1.  ]
 [0.35 0.33 0.29 0.33 0.29 0.25 0.33 0.35 0.25 0.33 0.3  0.25 0.29 0.42 0.73 0.84 0.92 1.  ]
 [0.33 0.33 0.25 0.31 0.33 0.33 0.33 0.33 0.25 0.29 0.3  0.32 0.25 0.36 0.56 0.84 0.92 1.  ]
 [0.33 0.33 0.33 0.33 0.25 0.33 0.25 0.25 0.25 0.3  0.25 0.3  0.25 0.29 0.39 0.71 0.93 1.  ]
 [0.33 0.25 0.25 0.31 0.27 0.35 0.32 0.25 0.29 0.25 0.25 0.3  0.25 0.2  0.25 0.49 0.82 1.  ]
 [0.33 0.33 0.25 0.33 0.29 0.25 0.33 0.25 0.25 0.25 0.25 0.25 0.25 0.25 0.29 0.35 0.53 1.  ]]